Temperature    Energy         Energy2        Magnetization  Magnetization2 Heat Capacity  Susceptibility 
2.1            -1.6619602     2.7627766      0.8685512      0.75470447     0.96469429     0.98523815     
2.11           -1.6522549     2.7306342      0.86308169     0.74525832     0.98888213     1.0565358      
2.12           -1.6422146     2.6975929      0.85694252     0.73475722     1.0312049      1.2278965      
2.13           -1.6316149     2.662922       0.85011904     0.7231749      1.0649994      1.4197703      
2.14           -1.6210232     2.6284996      0.84350522     0.71202077     1.0947588      1.5543056      
2.15           -1.609893      2.5925793      0.83609292     0.69964235     1.1405958      1.7591907      
2.16           -1.5983546     2.5555898      0.82793168     0.68615862     1.1691173      2.0378003      
2.17           -1.5856753     2.515277       0.81758407     0.6693709      1.238099       2.734563       
2.18           -1.573408      2.4765634      0.80858056     0.65483667     1.2800589      3.0360282      
2.19           -1.5605898     2.4364428      0.79817304     0.63832883     1.3373725      3.6489777      
2.2            -1.5465308     2.3928234      0.78500229     0.61787151     1.4093521      4.7794228      
2.21           -1.5314602     2.3465309      0.76890011     0.59378904     1.5207635      7.4763375      
2.22           -1.5162668     2.3003021      0.75216088     0.56904826     1.6062555      9.520059       
2.23           -1.500198      2.2519213      0.7334354      0.54255404     1.7080779      13.278014      
2.24           -1.4827399     2.1999378      0.71038736     0.51047732     1.8114345      16.648926      
2.25           -1.4650079     2.1477359      0.6844257      0.47606159     1.8806366      21.683366      
2.26           -1.4424978     2.0825567      0.63175468     0.41739624     2.2014811      51.772785      
2.27           -1.4202108     2.01888        0.58131888     0.36270125     2.336424       69.835031      
2.28           -1.3943214     1.9460874      0.49875262     0.28442201     2.4073057      100.12025      
2.29           -1.3762962     1.8960409      0.46938899     0.25357707     2.2575397      92.928677      
2.3            -1.3513171     1.827785       0.38554995     0.18400286     2.0893316      98.376625      
2.31           -1.3297021     1.769679       0.31843233     0.13469104     1.8844995      92.237279      
2.32           -1.3134454     1.7266551      0.28823188     0.11371024     1.8028445      84.503779      
2.33           -1.2969351     1.6834087      0.2512463      0.08869107     1.6128042      70.225218      
2.34           -1.2805411     1.641049       0.21273108     0.066544914    1.4767924      58.230157      
2.35           -1.2664262     1.6050445      0.1949342      0.055365593    1.4012415      47.295317      
2.36           -1.2522937     1.5693782      0.17182781     0.044373763    1.3085984      40.26838       
2.37           -1.2394291     1.5372766      0.15705117     0.037072165    1.2444001      33.504396      
2.38           -1.227389      1.5075571      0.14470257     0.032016249    1.2128474      29.788007      
2.39           -1.2153502     1.4781192      0.13663042     0.028424626    1.1687392      26.12687       
2.4            -1.2041238     1.4509301      0.12820709     0.025022342    1.1289169      22.89409       
