Temperature    Energy         Energy2        Magnetization  Magnetization2 Heat Capacity  Susceptibility 
2.1            -1.6623443     2.7660176      0.86913356     0.75658441     0.95384271     0.90762809     
2.11           -1.6530196     2.7352291      0.86369261     0.74731547     0.99018732     1.0241101      
2.12           -1.6420623     2.6992415      0.85700337     0.73599372     1.0227706      1.1614698      
2.13           -1.6322674     2.6672814      0.8510274      0.72598027     1.0525749      1.301501       
2.14           -1.6211814     2.6313606      0.84369815     0.71388437     1.0940887      1.5385498      
2.15           -1.6097797     2.5946946      0.8356558      0.70077183     1.1435423      1.824152       
2.16           -1.5981958     2.5576649      0.82756819     0.68760915     1.1780076      2.0296559      
2.17           -1.5853975     2.5171397      0.81769557     0.67207629     1.2417838      2.5439563      
2.18           -1.5728831     2.4778143      0.80736504     0.65624845     1.2972252      3.2367981      
2.19           -1.5609194     2.4404576      0.79822211     0.64236683     1.3305083      3.8051495      
2.2            -1.5468968     2.3971025      0.7858776      0.62381539     1.3926603      4.5176694      
2.21           -1.5321455     2.352057       0.76942612     0.60107556     1.5027207      6.5585541      
2.22           -1.5167952     2.3054454      0.75456778     0.57962875     1.5510771      7.3918679      
2.23           -1.5005215     2.2566978      0.7351162      0.5536956      1.6515182      9.542439       
2.24           -1.4858199     2.212912       0.72181332     0.53476856     1.6744844      9.8243492      
2.25           -1.4673785     2.1589223      0.69500258     0.50259017     1.8086477      13.910455      
2.26           -1.4482622     2.1034057      0.66774525     0.46910955     1.8614893      16.44307       
2.27           -1.4276984     2.0446353      0.63239354     0.42999101     1.9600726      21.194303      
2.28           -1.4105926     1.9962514      0.60938392     0.40348753     1.9944819      22.553516      
2.29           -1.3893834     1.9369517      0.5698791      0.36228076     2.0031882      26.213852      
2.3            -1.369123      1.8811394      0.53206599     0.32472681     2.0088511      28.961809      
2.31           -1.3478992     1.8233088      0.49114344     0.28477858     1.9419847      30.169143      
2.32           -1.329848      1.7748182      0.46021247     0.2556425      1.8794547      30.2393        
2.33           -1.3107685     1.7242016      0.42460548     0.22414702     1.7941159      30.116537      
2.34           -1.2926998     1.6768735      0.38710623     0.19303975     1.6949971      29.530611      
2.35           -1.2773367     1.6370188      0.36298113     0.17166426     1.5731351      27.172061      
2.36           -1.2608218     1.5948937      0.33264547     0.14928302     1.5001938      26.189836      
2.37           -1.2461497     1.5578286      0.31051758     0.13201534     1.4070314      24.029819      
2.38           -1.2338828     1.5271731      0.29409372     0.11948853     1.3294061      22.183135      
2.39           -1.2195664     1.4919089      0.26854197     0.103008       1.2791599      20.681647      
2.4            -1.2077494     1.4630148      0.25658824     0.093970325    1.2100317      18.755201      
